rho:   eigenvalue
      0.0000000, 	      1.2499854,
    0.027500000, 	      2.1900499,
    0.055000000, 	      3.1503696,
    0.082500000, 	      4.1215499,
     0.11000000, 	      5.1009879,
     0.13750000, 	      6.0997238,
     0.16500000, 	      7.1619981,
     0.19250000, 	      8.3512012,
     0.22000000, 	      9.7041659,
     0.24750000, 	      11.228943,
     0.27500000, 	      12.924124,
     0.30250000, 	      14.787292,
     0.33000000, 	      16.816591,
     0.35750000, 	      19.010729,
     0.38500000, 	      21.368797,
     0.41250000, 	      23.890127,
     0.44000000, 	      26.574208,
     0.46750000, 	      29.420624,
     0.49500000, 	      32.429023,
     0.52250000, 	      35.599090,
     0.55000000, 	      38.930536,
     0.57750000, 	      42.423086,
     0.60500000, 	      46.076472,
     0.63250000, 	      49.890429,
     0.66000000, 	      53.864693,
     0.68750000, 	      57.998996,
     0.71500000, 	      62.293064,
     0.74250000, 	      66.746619,
     0.77000000, 	      71.359377,
     0.79750000, 	      76.131045,
     0.82500000, 	      81.061323,
     0.85250000, 	      86.149901,
     0.88000000, 	      91.396462,
     0.90750000, 	      96.800681,
     0.93500000, 	      102.36222,
     0.96250000, 	      108.08074,
     0.99000000, 	      113.95588,
      1.0175000, 	      119.98728,
      1.0450000, 	      126.17458,
      1.0725000, 	      132.51737,
      1.1000000, 	      139.01529,
      1.1275000, 	      145.66792,
      1.1550000, 	      152.47485,
      1.1825000, 	      159.43567,
      1.2100000, 	      166.54995,
      1.2375000, 	      173.81725,
      1.2650000, 	      181.23712,
      1.2925000, 	      188.80910,
      1.3200000, 	      196.53273,
      1.3475000, 	      204.40754,
      1.3750000, 	      212.43303,
      1.4025000, 	      220.60871,
      1.4300000, 	      228.93409,
      1.4575000, 	      237.40863,
      1.4850000, 	      246.03184,
      1.5125000, 	      254.80316,
      1.5400000, 	      263.72207,
      1.5675000, 	      272.78802,
      1.5950000, 	      282.00043,
      1.6225000, 	      291.35876,
      1.6500000, 	      300.86241,
      1.6775000, 	      310.51081,
      1.7050000, 	      320.30336,
      1.7325000, 	      330.23945,
      1.7600000, 	      340.31848,
      1.7875000, 	      350.53982,
      1.8150000, 	      360.90285,
      1.8425000, 	      371.40692,
      1.8700000, 	      382.05138,
      1.8975000, 	      392.83559,
      1.9250000, 	      403.75887,
      1.9525000, 	      414.82055,
      1.9800000, 	      426.01996,
      2.0075000, 	      437.35639,
      2.0350000, 	      448.82916,
      2.0625000, 	      460.43755,
      2.0900000, 	      472.18085,
      2.1175000, 	      484.05833,
      2.1450000, 	      496.06926,
      2.1725000, 	      508.21291,
      2.2000000, 	      520.48852,
      2.2275000, 	      532.89533,
      2.2550000, 	      545.43259,
      2.2825000, 	      558.09951,
      2.3100000, 	      570.89532,
      2.3375000, 	      583.81923,
      2.3650000, 	      596.87043,
      2.3925000, 	      610.04814,
      2.4200000, 	      623.35152,
      2.4475000, 	      636.77977,
      2.4750000, 	      650.33206,
      2.5025000, 	      664.00754,
      2.5300000, 	      677.80538,
      2.5575000, 	      691.72473,
      2.5850000, 	      705.76472,
      2.6125000, 	      719.92449,
      2.6400000, 	      734.20317,
      2.6675000, 	      748.59988,
      2.6950000, 	      763.11373,
      2.7225000, 	      777.74382,
      2.7500000, 	      792.48925,
      2.7775000, 	      807.34912,
      2.8050000, 	      822.32250,
      2.8325000, 	      837.40847,
      2.8600000, 	      852.60611,
      2.8875000, 	      867.91447,
      2.9150000, 	      883.33261,
      2.9425000, 	      898.85958,
      2.9700000, 	      914.49443,
      2.9975000, 	      930.23618,
      3.0250000, 	      946.08387,
      3.0525000, 	      962.03652,
      3.0800000, 	      978.09314,
      3.1075000, 	      994.25275,
      3.1350000, 	      1010.5143,
      3.1625000, 	      1026.8769,
      3.1900000, 	      1043.3395,
      3.2175000, 	      1059.9010,
      3.2450000, 	      1076.5605,
      3.2725000, 	      1093.3169,
      3.3000000, 	      1110.1691,
      3.3275000, 	      1127.1162,
      3.3550000, 	      1144.1571,
      3.3825000, 	      1161.2907,
      3.4100000, 	      1178.5160,
      3.4375000, 	      1195.8320,
      3.4650000, 	      1213.2375,
      3.4925000, 	      1230.7315,
      3.5200000, 	      1248.3128,
      3.5475000, 	      1265.9805,
      3.5750000, 	      1283.7335,
      3.6025000, 	      1301.5705,
      3.6300000, 	      1319.4906,
      3.6575000, 	      1337.4927,
      3.6850000, 	      1355.5755,
      3.7125000, 	      1373.7381,
      3.7400000, 	      1391.9792,
      3.7675000, 	      1410.2978,
      3.7950000, 	      1428.6927,
      3.8225000, 	      1447.1628,
      3.8500000, 	      1465.7070,
      3.8775000, 	      1484.3241,
      3.9050000, 	      1503.0129,
      3.9325000, 	      1521.7724,
      3.9600000, 	      1540.6013,
      3.9875000, 	      1559.4984,
      4.0150000, 	      1578.4628,
      4.0425000, 	      1597.4930,
      4.0700000, 	      1616.5881,
      4.0975000, 	      1635.7467,
      4.1250000, 	      1654.9678,
      4.1525000, 	      1674.2501,
      4.1800000, 	      1693.5925,
      4.2075000, 	      1712.9937,
      4.2350000, 	      1732.4526,
      4.2625000, 	      1751.9679,
      4.2900000, 	      1771.5385,
      4.3175000, 	      1791.1631,
      4.3450000, 	      1810.8406,
      4.3725000, 	      1830.5697,
      4.4000000, 	      1850.3491,
      4.4275000, 	      1870.1778,
      4.4550000, 	      1890.0545,
      4.4825000, 	      1909.9778,
      4.5100000, 	      1929.9467,
      4.5375000, 	      1949.9599,
      4.5650000, 	      1970.0160,
      4.5925000, 	      1990.1140,
      4.6200000, 	      2010.2526,
      4.6475000, 	      2030.4305,
      4.6750000, 	      2050.6464,
      4.7025000, 	      2070.8992,
      4.7300000, 	      2091.1876,
      4.7575000, 	      2111.5103,
      4.7850000, 	      2131.8661,
      4.8125000, 	      2152.2537,
      4.8400000, 	      2172.6718,
      4.8675000, 	      2193.1193,
      4.8950000, 	      2213.5948,
      4.9225000, 	      2234.0970,
      4.9500000, 	      2254.6248,
      4.9775000, 	      2275.1769,
      5.0050000, 	      2295.7519,
      5.0325000, 	      2316.3486,
      5.0600000, 	      2336.9658,
      5.0875000, 	      2357.6021,
      5.1150000, 	      2378.2564,
      5.1425000, 	      2398.9272,
      5.1700000, 	      2419.6134,
      5.1975000, 	      2440.3137,
      5.2250000, 	      2461.0268,
      5.2525000, 	      2481.7514,
      5.2800000, 	      2502.4862,
      5.3075000, 	      2523.2300,
      5.3350000, 	      2543.9814,
      5.3625000, 	      2564.7393,
      5.3900000, 	      2585.5022,
      5.4175000, 	      2606.2691,
      5.4450000, 	      2627.0384,
      5.4725000, 	      2647.8091,
      5.5000000, 	      2668.5797,
      5.5275000, 	      2689.3491,
      5.5550000, 	      2710.1159,
      5.5825000, 	      2730.8788,
      5.6100000, 	      2751.6366,
      5.6375000, 	      2772.3880,
      5.6650000, 	      2793.1317,
      5.6925000, 	      2813.8664,
      5.7200000, 	      2834.5909,
      5.7475000, 	      2855.3039,
      5.7750000, 	      2876.0040,
      5.8025000, 	      2896.6901,
      5.8300000, 	      2917.3608,
      5.8575000, 	      2938.0149,
      5.8850000, 	      2958.6511,
      5.9125000, 	      2979.2681,
      5.9400000, 	      2999.8646,
      5.9675000, 	      3020.4395,
      5.9950000, 	      3040.9913,
      6.0225000, 	      3061.5189,
      6.0500000, 	      3082.0209,
      6.0775000, 	      3102.4962,
      6.1050000, 	      3122.9434,
      6.1325000, 	      3143.3612,
      6.1600000, 	      3163.7486,
      6.1875000, 	      3184.1040,
      6.2150000, 	      3204.4264,
      6.2425000, 	      3224.7145,
      6.2700000, 	      3244.9670,
      6.2975000, 	      3265.1826,
      6.3250000, 	      3285.3601,
      6.3525000, 	      3305.4983,
      6.3800000, 	      3325.5959,
      6.4075000, 	      3345.6517,
      6.4350000, 	      3365.6645,
      6.4625000, 	      3385.6330,
      6.4900000, 	      3405.5559,
      6.5175000, 	      3425.4321,
      6.5450000, 	      3445.2603,
      6.5725000, 	      3465.0394,
      6.6000000, 	      3484.7680,
      6.6275000, 	      3504.4450,
      6.6550000, 	      3524.0691,
      6.6825000, 	      3543.6392,
      6.7100000, 	      3563.1540,
      6.7375000, 	      3582.6123,
      6.7650000, 	      3602.0130,
      6.7925000, 	      3621.3548,
      6.8200000, 	      3640.6365,
      6.8475000, 	      3659.8570,
      6.8750000, 	      3679.0151,
      6.9025000, 	      3698.1095,
      6.9300000, 	      3717.1392,
      6.9575000, 	      3736.1028,
      6.9850000, 	      3754.9994,
      7.0125000, 	      3773.8276,
      7.0400000, 	      3792.5864,
      7.0675000, 	      3811.2745,
      7.0950000, 	      3829.8909,
      7.1225000, 	      3848.4343,
      7.1500000, 	      3866.9037,
      7.1775000, 	      3885.2979,
      7.2050000, 	      3903.6157,
      7.2325000, 	      3921.8561,
      7.2600000, 	      3940.0178,
      7.2875000, 	      3958.0999,
      7.3150000, 	      3976.1011,
      7.3425000, 	      3994.0203,
      7.3700000, 	      4011.8565,
      7.3975000, 	      4029.6086,
      7.4250000, 	      4047.2754,
      7.4525000, 	      4064.8559,
      7.4800000, 	      4082.3490,
      7.5075000, 	      4099.7535,
      7.5350000, 	      4117.0685,
      7.5625000, 	      4134.2929,
      7.5900000, 	      4151.4255,
      7.6175000, 	      4168.4654,
      7.6450000, 	      4185.4115,
      7.6725000, 	      4202.2627,
      7.7000000, 	      4219.0181,
      7.7275000, 	      4235.6765,
      7.7550000, 	      4252.2369,
      7.7825000, 	      4268.6984,
      7.8100000, 	      4285.0598,
      7.8375000, 	      4301.3203,
      7.8650000, 	      4317.4787,
      7.8925000, 	      4333.5342,
      7.9200000, 	      4349.4857,
      7.9475000, 	      4365.3321,
      7.9750000, 	      4381.0727,
      8.0025000, 	      4396.7062,
      8.0300000, 	      4412.2319,
      8.0575000, 	      4427.6488,
      8.0850000, 	      4442.9558,
      8.1125000, 	      4458.1522,
      8.1400000, 	      4473.2368,
      8.1675000, 	      4488.2088,
      8.1950000, 	      4503.0672,
      8.2225000, 	      4517.8113,
      8.2500000, 	      4532.4399,
      8.2775000, 	      4546.9523,
      8.3050000, 	      4561.3475,
      8.3325000, 	      4575.6247,
      8.3600000, 	      4589.7829,
      8.3875000, 	      4603.8214,
      8.4150000, 	      4617.7391,
      8.4425000, 	      4631.5353,
      8.4700000, 	      4645.2092,
      8.4975000, 	      4658.7598,
      8.5250000, 	      4672.1864,
      8.5525000, 	      4685.4881,
      8.5800000, 	      4698.6640,
      8.6075000, 	      4711.7135,
      8.6350000, 	      4724.6356,
      8.6625000, 	      4737.4295,
      8.6900000, 	      4750.0946,
      8.7175000, 	      4762.6300,
      8.7450000, 	      4775.0349,
      8.7725000, 	      4787.3085,
      8.8000000, 	      4799.4502,
      8.8275000, 	      4811.4591,
      8.8550000, 	      4823.3345,
      8.8825000, 	      4835.0757,
      8.9100000, 	      4846.6820,
      8.9375000, 	      4858.1526,
      8.9650000, 	      4869.4868,
      8.9925000, 	      4880.6840,
      9.0200000, 	      4891.7434,
      9.0475000, 	      4902.6644,
      9.0750000, 	      4913.4462,
      9.1025000, 	      4924.0883,
      9.1300000, 	      4934.5899,
      9.1575000, 	      4944.9505,
      9.1850000, 	      4955.1693,
      9.2125000, 	      4965.2457,
      9.2400000, 	      4975.1792,
      9.2675000, 	      4984.9691,
      9.2950000, 	      4994.6147,
      9.3225000, 	      5004.1156,
      9.3500000, 	      5013.4711,
      9.3775000, 	      5022.6806,
      9.4050000, 	      5031.7436,
      9.4325000, 	      5040.6595,
      9.4600000, 	      5049.4278,
      9.4875000, 	      5058.0478,
      9.5150000, 	      5066.5192,
      9.5425000, 	      5074.8413,
      9.5700000, 	      5083.0136,
      9.5975000, 	      5091.0357,
      9.6250000, 	      5098.9070,
      9.6525000, 	      5106.6270,
      9.6800000, 	      5114.1954,
      9.7075000, 	      5121.6115,
      9.7350000, 	      5128.8749,
      9.7625000, 	      5135.9853,
      9.7900000, 	      5142.9421,
      9.8175000, 	      5149.7449,
      9.8450000, 	      5156.3933,
      9.8725000, 	      5162.8868,
      9.9000000, 	      5169.2251,
      9.9275000, 	      5175.4078,
      9.9550000, 	      5181.4345,
      9.9825000, 	      5187.3048,
      10.010000, 	      5193.0183,
      10.037500, 	      5198.5747,
      10.065000, 	      5203.9736,
      10.092500, 	      5209.2146,
      10.120000, 	      5214.2975,
      10.147500, 	      5219.2219,
      10.175000, 	      5223.9875,
      10.202500, 	      5228.5940,
      10.230000, 	      5233.0410,
      10.257500, 	      5237.3283,
      10.285000, 	      5241.4556,
      10.312500, 	      5245.4225,
      10.340000, 	      5249.2288,
      10.367500, 	      5252.8742,
      10.395000, 	      5256.3585,
      10.422500, 	      5259.6812,
      10.450000, 	      5262.8421,
      10.477500, 	      5265.8410,
      10.505000, 	      5268.6773,
      10.532500, 	      5271.3509,
      10.560000, 	      5273.8611,
      10.587500, 	      5276.2076,
      10.615000, 	      5278.3897,
      10.642500, 	      5280.4066,
      10.670000, 	      5282.2572,
      10.697500, 	      5283.9399,
      10.725000, 	      5285.4524,
      10.752500, 	      5286.7909,
      10.780000, 	      5287.9487,
      10.807500, 	      5288.9108,
      10.835000, 	      5289.6091,
      10.862500, 	      5290.1838,
      10.890000, 	      5291.1048,
      10.917500, 	      5292.3891,
      10.945000, 	      5294.1897,
