         0.0002,	          1.142,
         0.0009,	          1.139,
         0.0011,	          1.138,
         0.0014,	          1.137,
         0.0016,	          1.136,
         0.0018,	          1.135,
          0.002,	          1.134,
         0.0021,	          1.134,
         0.0023,	          1.133,
         0.0025,	          1.132,
         0.0026,	          1.132,
         0.0027,	          1.131,
         0.0028,	          1.131,
         0.0029,	           1.13,
          0.003,	           1.13,
         0.0032,	          1.129,
         0.0033,	          1.129,
         0.0034,	          1.128,
         0.0035,	          1.128,
         0.0036,	          1.127,
         0.0037,	          1.127,
         0.0038,	          1.126,
         0.0039,	          1.126,
          0.004,	          1.126,
         0.0041,	          1.125,
         0.0042,	          1.125,
         0.0043,	          1.124,
         0.0044,	          1.124,
         0.0045,	          1.123,
         0.0046,	          1.123,
         0.0047,	          1.122,
         0.0048,	          1.122,
         0.0049,	          1.121,
          0.005,	          1.121,
         0.0051,	          1.121,
         0.0052,	           1.12,
         0.0053,	           1.12,
         0.0054,	          1.119,
         0.0055,	          1.119,
         0.0056,	          1.118,
         0.0057,	          1.118,
         0.0058,	          1.117,
         0.0059,	          1.117,
          0.006,	          1.117,
         0.0061,	          1.116,
         0.0062,	          1.116,
         0.0063,	          1.115,
         0.0064,	          1.115,
         0.0065,	          1.114,
         0.0066,	          1.114,
         0.0067,	          1.113,
         0.0068,	          1.113,
         0.0069,	          1.113,
          0.007,	          1.112,
         0.0071,	          1.112,
         0.0072,	          1.111,
         0.0073,	          1.111,
         0.0074,	           1.11,
         0.0075,	           1.11,
         0.0076,	          1.109,
         0.0077,	          1.109,
         0.0078,	          1.109,
         0.0079,	          1.108,
          0.008,	          1.108,
         0.0081,	          1.107,
         0.0082,	          1.107,
         0.0083,	          1.106,
         0.0084,	          1.106,
         0.0085,	          1.105,
         0.0086,	          1.105,
         0.0087,	          1.104,
         0.0088,	          1.104,
         0.0089,	          1.104,
          0.009,	          1.103,
         0.0091,	          1.103,
         0.0092,	          1.102,
         0.0093,	          1.102,
         0.0094,	          1.101,
         0.0095,	          1.101,
         0.0096,	            1.1,
         0.0097,	            1.1,
         0.0098,	            1.1,
         0.0099,	          1.099,
           0.01,	          1.099,
         0.0101,	          1.098,
         0.0102,	          1.098,
         0.0103,	          1.097,
         0.0104,	          1.097,
         0.0105,	          1.096,
         0.0106,	          1.096,
         0.0107,	          1.096,
         0.0108,	          1.095,
         0.0109,	          1.095,
          0.011,	          1.094,
         0.0111,	          1.094,
         0.0112,	          1.093,
         0.0113,	          1.093,
         0.0114,	          1.092,
         0.0115,	          1.092,
         0.0116,	          1.092,
         0.0117,	          1.091,
         0.0118,	          1.091,
         0.0119,	           1.09,
          0.012,	           1.09,
         0.0121,	          1.089,
         0.0122,	          1.089,
         0.0123,	          1.088,
         0.0124,	          1.088,
         0.0125,	          1.087,
         0.0126,	          1.087,
         0.0127,	          1.087,
         0.0128,	          1.086,
         0.0129,	          1.086,
          0.013,	          1.085,
         0.0131,	          1.085,
         0.0132,	          1.084,
         0.0133,	          1.084,
         0.0134,	          1.083,
         0.0135,	          1.083,
         0.0136,	          1.083,
         0.0137,	          1.082,
         0.0138,	          1.082,
         0.0139,	          1.081,
          0.014,	          1.081,
         0.0141,	           1.08,
         0.0142,	           1.08,
         0.0143,	          1.079,
         0.0144,	          1.079,
         0.0145,	          1.079,
         0.0146,	          1.078,
         0.0147,	          1.078,
         0.0148,	          1.077,
         0.0149,	          1.077,
          0.015,	          1.076,
         0.0151,	          1.076,
         0.0152,	          1.075,
         0.0153,	          1.075,
         0.0154,	          1.075,
         0.0155,	          1.074,
         0.0156,	          1.074,
         0.0157,	          1.073,
         0.0158,	          1.073,
         0.0159,	          1.072,
          0.016,	          1.072,
         0.0161,	          1.071,
         0.0162,	          1.071,
         0.0163,	          1.071,
         0.0164,	           1.07,
         0.0165,	           1.07,
         0.0166,	          1.069,
         0.0167,	          1.069,
         0.0168,	          1.068,
         0.0169,	          1.068,
          0.017,	          1.067,
         0.0171,	          1.067,
         0.0172,	          1.067,
         0.0173,	          1.066,
         0.0174,	          1.066,
         0.0175,	          1.065,
         0.0176,	          1.065,
         0.0177,	          1.064,
         0.0178,	          1.064,
         0.0179,	          1.063,
          0.018,	          1.063,
         0.0181,	          1.062,
         0.0182,	          1.062,
         0.0183,	          1.062,
         0.0184,	          1.061,
         0.0185,	          1.061,
         0.0186,	           1.06,
         0.0187,	           1.06,
         0.0188,	          1.059,
         0.0189,	          1.059,
          0.019,	          1.059,
         0.0191,	          1.058,
         0.0192,	          1.058,
         0.0193,	          1.057,
         0.0194,	          1.057,
         0.0195,	          1.056,
         0.0196,	          1.056,
         0.0197,	          1.055,
         0.0198,	          1.055,
         0.0199,	          1.055,
           0.02,	          1.054,
         0.0201,	          1.054,
         0.0202,	          1.053,
         0.0203,	          1.053,
         0.0204,	          1.052,
         0.0205,	          1.052,
         0.0206,	          1.052,
         0.0207,	          1.051,
         0.0208,	          1.051,
         0.0209,	           1.05,
          0.021,	           1.05,
         0.0211,	          1.049,
         0.0212,	          1.049,
         0.0213,	          1.049,
         0.0214,	          1.048,
         0.0215,	          1.048,
         0.0216,	          1.047,
         0.0217,	          1.047,
         0.0218,	          1.046,
         0.0219,	          1.046,
          0.022,	          1.046,
         0.0221,	          1.045,
         0.0222,	          1.045,
         0.0223,	          1.044,
         0.0224,	          1.044,
         0.0225,	          1.044,
         0.0226,	          1.043,
         0.0227,	          1.043,
         0.0228,	          1.042,
         0.0229,	          1.042,
          0.023,	          1.042,
         0.0231,	          1.041,
         0.0232,	          1.041,
         0.0233,	           1.04,
         0.0234,	           1.04,
         0.0235,	           1.04,
         0.0236,	          1.039,
         0.0237,	          1.039,
         0.0238,	          1.038,
         0.0239,	          1.038,
          0.024,	          1.038,
         0.0241,	          1.037,
         0.0242,	          1.037,
         0.0243,	          1.037,
         0.0244,	          1.036,
         0.0245,	          1.036,
         0.0246,	          1.036,
         0.0247,	          1.035,
         0.0248,	          1.035,
         0.0249,	          1.034,
          0.025,	          1.034,
         0.0251,	          1.034,
         0.0252,	          1.033,
         0.0253,	          1.033,
         0.0254,	          1.033,
         0.0255,	          1.032,
         0.0256,	          1.032,
         0.0257,	          1.032,
         0.0258,	          1.031,
         0.0259,	          1.031,
          0.026,	          1.031,
         0.0261,	          1.031,
         0.0262,	           1.03,
         0.0263,	           1.03,
         0.0264,	           1.03,
         0.0265,	          1.029,
         0.0266,	          1.029,
         0.0267,	          1.029,
         0.0268,	          1.028,
         0.0269,	          1.028,
          0.027,	          1.028,
         0.0271,	          1.028,
         0.0272,	          1.027,
         0.0273,	          1.027,
         0.0274,	          1.027,
         0.0275,	          1.026,
         0.0276,	          1.026,
         0.0277,	          1.026,
         0.0278,	          1.026,
         0.0279,	          1.025,
          0.028,	          1.025,
         0.0281,	          1.025,
         0.0282,	          1.025,
         0.0283,	          1.024,
         0.0284,	          1.024,
         0.0285,	          1.024,
         0.0286,	          1.024,
         0.0287,	          1.024,
         0.0288,	          1.023,
         0.0289,	          1.023,
          0.029,	          1.023,
         0.0291,	          1.023,
         0.0292,	          1.022,
         0.0293,	          1.022,
         0.0294,	          1.022,
         0.0295,	          1.022,
         0.0296,	          1.022,
         0.0297,	          1.021,
         0.0298,	          1.021,
         0.0299,	          1.021,
           0.03,	          1.021,
         0.0301,	          1.021,
         0.0302,	           1.02,
         0.0303,	           1.02,
         0.0304,	           1.02,
         0.0305,	           1.02,
         0.0306,	           1.02,
         0.0307,	           1.02,
         0.0308,	          1.019,
         0.0309,	          1.019,
          0.031,	          1.019,
         0.0311,	          1.019,
         0.0312,	          1.019,
         0.0313,	          1.019,
         0.0314,	          1.018,
         0.0315,	          1.018,
         0.0316,	          1.018,
         0.0317,	          1.018,
         0.0318,	          1.018,
         0.0319,	          1.018,
          0.032,	          1.017,
         0.0321,	          1.017,
         0.0322,	          1.017,
         0.0323,	          1.017,
         0.0324,	          1.017,
         0.0325,	          1.017,
         0.0326,	          1.017,
         0.0327,	          1.016,
         0.0328,	          1.016,
         0.0329,	          1.016,
          0.033,	          1.016,
         0.0331,	          1.016,
         0.0332,	          1.016,
         0.0333,	          1.016,
         0.0334,	          1.016,
         0.0335,	          1.015,
         0.0336,	          1.015,
         0.0337,	          1.015,
         0.0338,	          1.015,
         0.0339,	          1.015,
          0.034,	          1.015,
         0.0341,	          1.015,
         0.0342,	          1.015,
         0.0343,	          1.014,
         0.0344,	          1.014,
         0.0345,	          1.014,
         0.0346,	          1.014,
         0.0347,	          1.014,
         0.0348,	          1.014,
         0.0349,	          1.014,
          0.035,	          1.014,
         0.0351,	          1.014,
         0.0352,	          1.013,
         0.0353,	          1.013,
         0.0354,	          1.013,
         0.0355,	          1.013,
         0.0356,	          1.013,
         0.0357,	          1.013,
         0.0358,	          1.013,
         0.0359,	          1.013,
          0.036,	          1.013,
         0.0361,	          1.013,
         0.0362,	          1.013,
         0.0363,	          1.012,
         0.0364,	          1.012,
         0.0365,	          1.012,
         0.0366,	          1.012,
         0.0367,	          1.012,
         0.0368,	          1.012,
         0.0369,	          1.012,
          0.037,	          1.012,
         0.0371,	          1.012,
         0.0372,	          1.012,
         0.0373,	          1.012,
         0.0374,	          1.011,
         0.0375,	          1.011,
         0.0376,	          1.011,
         0.0377,	          1.011,
         0.0378,	          1.011,
         0.0379,	          1.011,
          0.038,	          1.011,
         0.0381,	          1.011,
         0.0382,	          1.011,
         0.0383,	          1.011,
         0.0384,	          1.011,
         0.0385,	          1.011,
         0.0386,	          1.011,
         0.0387,	           1.01,
         0.0388,	           1.01,
         0.0389,	           1.01,
          0.039,	           1.01,
         0.0391,	           1.01,
         0.0392,	           1.01,
         0.0393,	           1.01,
         0.0394,	           1.01,
         0.0395,	           1.01,
         0.0396,	           1.01,
         0.0397,	           1.01,
         0.0398,	           1.01,
         0.0399,	           1.01,
           0.04,	           1.01,
         0.0401,	           1.01,
         0.0402,	          1.009,
         0.0403,	          1.009,
         0.0404,	          1.009,
         0.0405,	          1.009,
         0.0406,	          1.009,
         0.0407,	          1.009,
         0.0408,	          1.009,
         0.0409,	          1.009,
          0.041,	          1.009,
         0.0411,	          1.009,
         0.0412,	          1.009,
         0.0413,	          1.009,
         0.0414,	          1.009,
         0.0415,	          1.009,
         0.0416,	          1.009,
         0.0417,	          1.009,
         0.0418,	          1.008,
         0.0419,	          1.008,
          0.042,	          1.008,
         0.0421,	          1.008,
         0.0422,	          1.008,
         0.0423,	          1.008,
         0.0424,	          1.008,
         0.0425,	          1.008,
         0.0426,	          1.008,
         0.0427,	          1.008,
         0.0428,	          1.008,
         0.0429,	          1.008,
          0.043,	          1.008,
         0.0431,	          1.008,
         0.0432,	          1.008,
         0.0433,	          1.008,
         0.0434,	          1.008,
         0.0435,	          1.008,
         0.0436,	          1.007,
         0.0437,	          1.007,
         0.0438,	          1.007,
         0.0439,	          1.007,
          0.044,	          1.007,
         0.0441,	          1.007,
         0.0442,	          1.007,
         0.0443,	          1.007,
         0.0444,	          1.007,
         0.0445,	          1.007,
         0.0446,	          1.007,
         0.0447,	          1.007,
         0.0448,	          1.007,
         0.0449,	          1.007,
          0.045,	          1.007,
         0.0451,	          1.007,
         0.0452,	          1.007,
         0.0453,	          1.007,
         0.0454,	          1.007,
         0.0455,	          1.007,
         0.0456,	          1.007,
         0.0457,	          1.006,
         0.0458,	          1.006,
         0.0459,	          1.006,
          0.046,	          1.006,
         0.0461,	          1.006,
         0.0462,	          1.006,
         0.0463,	          1.006,
         0.0464,	          1.006,
         0.0465,	          1.006,
         0.0466,	          1.006,
         0.0467,	          1.006,
         0.0468,	          1.006,
         0.0469,	          1.006,
          0.047,	          1.006,
         0.0471,	          1.006,
         0.0472,	          1.006,
         0.0473,	          1.006,
         0.0474,	          1.006,
         0.0475,	          1.006,
         0.0476,	          1.006,
         0.0477,	          1.006,
         0.0478,	          1.006,
         0.0479,	          1.006,
          0.048,	          1.005,
         0.0481,	          1.005,
         0.0482,	          1.005,
         0.0483,	          1.005,
         0.0484,	          1.005,
         0.0485,	          1.005,
         0.0486,	          1.005,
         0.0487,	          1.005,
         0.0488,	          1.005,
         0.0489,	          1.005,
          0.049,	          1.005,
         0.0491,	          1.005,
         0.0492,	          1.005,
         0.0493,	          1.005,
         0.0494,	          1.005,
         0.0495,	          1.005,
         0.0496,	          1.005,
         0.0497,	          1.005,
         0.0498,	          1.005,
         0.0499,	          1.005,
           0.05,	          1.005,
         0.0501,	          1.005,
         0.0502,	          1.005,
         0.0503,	          1.005,
         0.0504,	          1.005,
         0.0505,	          1.005,
         0.0506,	          1.004,
         0.0507,	          1.004,
         0.0508,	          1.004,
         0.0509,	          1.004,
          0.051,	          1.004,
         0.0511,	          1.004,
         0.0512,	          1.004,
         0.0513,	          1.004,
         0.0514,	          1.004,
         0.0515,	          1.004,
         0.0516,	          1.004,
         0.0517,	          1.004,
         0.0518,	          1.004,
         0.0519,	          1.004,
          0.052,	          1.004,
         0.0521,	          1.004,
         0.0522,	          1.004,
         0.0523,	          1.004,
         0.0524,	          1.004,
         0.0525,	          1.004,
         0.0526,	          1.004,
         0.0527,	          1.004,
         0.0528,	          1.004,
         0.0529,	          1.004,
          0.053,	          1.004,
         0.0531,	          1.004,
         0.0532,	          1.004,
         0.0533,	          1.004,
         0.0534,	          1.003,
         0.0535,	          1.003,
         0.0536,	          1.003,
         0.0537,	          1.003,
         0.0538,	          1.003,
         0.0539,	          1.003,
          0.054,	          1.003,
         0.0541,	          1.003,
         0.0542,	          1.003,
         0.0543,	          1.003,
         0.0544,	          1.003,
         0.0545,	          1.003,
         0.0546,	          1.003,
         0.0547,	          1.003,
         0.0548,	          1.003,
         0.0549,	          1.003,
          0.055,	          1.003,
         0.0551,	          1.003,
         0.0552,	          1.003,
         0.0553,	          1.003,
         0.0554,	          1.003,
         0.0555,	          1.003,
         0.0556,	          1.003,
         0.0557,	          1.003,
         0.0558,	          1.003,
         0.0559,	          1.003,
          0.056,	          1.003,
         0.0561,	          1.003,
         0.0562,	          1.003,
         0.0563,	          1.003,
         0.0564,	          1.003,
         0.0565,	          1.003,
         0.0566,	          1.002,
         0.0567,	          1.002,
         0.0568,	          1.002,
         0.0569,	          1.002,
          0.057,	          1.002,
         0.0571,	          1.002,
         0.0572,	          1.002,
         0.0573,	          1.002,
         0.0574,	          1.002,
         0.0575,	          1.002,
         0.0576,	          1.002,
         0.0577,	          1.002,
         0.0578,	          1.002,
         0.0579,	          1.002,
          0.058,	          1.002,
         0.0581,	          1.002,
         0.0582,	          1.002,
         0.0583,	          1.002,
         0.0584,	          1.002,
         0.0585,	          1.002,
         0.0586,	          1.002,
         0.0587,	          1.002,
         0.0588,	          1.002,
         0.0589,	          1.002,
          0.059,	          1.002,
         0.0591,	          1.002,
         0.0592,	          1.002,
         0.0593,	          1.002,
         0.0594,	          1.002,
         0.0595,	          1.002,
         0.0596,	          1.002,
         0.0597,	          1.002,
         0.0598,	          1.002,
         0.0599,	          1.001,
           0.06,	          1.001,
         0.0601,	          1.001,
         0.0602,	          1.001,
         0.0603,	          1.001,
         0.0604,	          1.001,
         0.0605,	          1.001,
         0.0606,	          1.001,
         0.0607,	          1.001,
         0.0608,	          1.001,
         0.0609,	          1.001,
          0.061,	          1.001,
         0.0611,	          1.001,
         0.0612,	          1.001,
         0.0613,	          1.001,
         0.0614,	          1.001,
         0.0615,	          1.001,
         0.0616,	          1.001,
         0.0617,	          1.001,
         0.0618,	          1.001,
         0.0619,	          1.001,
          0.062,	          1.001,
         0.0621,	          1.001,
         0.0622,	          1.001,
         0.0623,	          1.001,
         0.0624,	          1.001,
         0.0625,	          1.001,
         0.0626,	          1.001,
         0.0627,	          1.001,
         0.0628,	          1.001,
         0.0629,	          1.001,
          0.063,	          1.001,
         0.0631,	          1.001,
         0.0632,	          1.001,
         0.0633,	          1.001,
         0.0634,	          1.001,
         0.0635,	              1,
         0.0636,	              1,
         0.0637,	              1,
         0.0638,	              1,
         0.0639,	              1,
          0.064,	              1,
         0.0641,	              1,
         0.0642,	              1,
         0.0643,	              1,
         0.0644,	              1,
         0.0645,	              1,
         0.0646,	              1,
         0.0647,	              1,
         0.0648,	              1,
         0.0649,	              1,
          0.065,	              1,
         0.0651,	              1,
         0.0652,	              1,
         0.0653,	              1,
         0.0654,	              1,
         0.0655,	              1,
         0.0656,	              1,
         0.0657,	              1,
         0.0658,	              1,
         0.0659,	              1,
          0.066,	              1,
         0.0661,	              1,
         0.0662,	              1,
         0.0663,	              1,
         0.0664,	              1,
         0.0665,	              1,
         0.0666,	              1,
         0.0667,	              1,
         0.0668,	              1,
         0.0669,	              1,
          0.067,	              1,
         0.0671,	              1,
         0.0672,	              1,
         0.0673,	              1,
         0.0674,	          0.999,
         0.0675,	          0.999,
         0.0676,	          0.999,
         0.0677,	          0.999,
         0.0678,	          0.999,
         0.0679,	          0.999,
          0.068,	          0.999,
         0.0681,	          0.999,
         0.0682,	          0.999,
         0.0683,	          0.999,
         0.0684,	          0.999,
         0.0685,	          0.999,
         0.0686,	          0.999,
         0.0687,	          0.999,
         0.0688,	          0.999,
         0.0689,	          0.999,
          0.069,	          0.999,
         0.0691,	          0.999,
         0.0692,	          0.999,
         0.0693,	          0.999,
         0.0694,	          0.999,
         0.0695,	          0.999,
         0.0696,	          0.999,
         0.0697,	          0.999,
         0.0698,	          0.999,
         0.0699,	          0.999,
           0.07,	          0.999,
         0.0701,	          0.999,
         0.0702,	          0.999,
         0.0703,	          0.999,
         0.0704,	          0.999,
         0.0705,	          0.999,
         0.0706,	          0.999,
         0.0707,	          0.999,
         0.0708,	          0.999,
         0.0709,	          0.999,
          0.071,	          0.999,
         0.0711,	          0.999,
         0.0712,	          0.999,
         0.0713,	          0.999,
         0.0714,	          0.998,
         0.0715,	          0.998,
         0.0716,	          0.998,
         0.0717,	          0.998,
         0.0718,	          0.998,
         0.0719,	          0.998,
          0.072,	          0.998,
         0.0721,	          0.998,
         0.0722,	          0.998,
         0.0723,	          0.998,
         0.0724,	          0.998,
         0.0725,	          0.998,
         0.0726,	          0.998,
         0.0727,	          0.998,
         0.0728,	          0.998,
         0.0729,	          0.998,
          0.073,	          0.998,
         0.0731,	          0.998,
         0.0732,	          0.998,
         0.0733,	          0.998,
         0.0734,	          0.998,
         0.0735,	          0.998,
         0.0736,	          0.998,
         0.0737,	          0.998,
         0.0738,	          0.998,
         0.0739,	          0.998,
          0.074,	          0.998,
         0.0741,	          0.998,
         0.0742,	          0.998,
         0.0743,	          0.998,
         0.0744,	          0.998,
         0.0745,	          0.998,
         0.0746,	          0.998,
         0.0747,	          0.998,
         0.0748,	          0.998,
         0.0749,	          0.998,
          0.075,	          0.998,
         0.0751,	          0.998,
         0.0752,	          0.998,
         0.0753,	          0.998,
         0.0754,	          0.998,
         0.0755,	          0.998,
         0.0756,	          0.998,
         0.0757,	          0.997,
         0.0758,	          0.997,
         0.0759,	          0.997,
          0.076,	          0.997,
         0.0761,	          0.997,
         0.0762,	          0.997,
         0.0763,	          0.997,
         0.0764,	          0.997,
         0.0765,	          0.997,
         0.0766,	          0.997,
         0.0767,	          0.997,
         0.0768,	          0.997,
         0.0769,	          0.997,
          0.077,	          0.997,
         0.0771,	          0.997,
         0.0772,	          0.997,
         0.0773,	          0.997,
         0.0774,	          0.997,
         0.0775,	          0.997,
         0.0776,	          0.997,
         0.0777,	          0.997,
         0.0778,	          0.997,
         0.0779,	          0.997,
          0.078,	          0.997,
         0.0781,	          0.997,
         0.0782,	          0.997,
         0.0783,	          0.997,
         0.0784,	          0.997,
         0.0785,	          0.997,
         0.0786,	          0.997,
         0.0787,	          0.997,
         0.0788,	          0.997,
         0.0789,	          0.997,
          0.079,	          0.997,
         0.0791,	          0.997,
         0.0792,	          0.997,
         0.0793,	          0.997,
         0.0794,	          0.997,
         0.0795,	          0.997,
         0.0796,	          0.997,
         0.0797,	          0.997,
         0.0798,	          0.997,
         0.0799,	          0.997,
           0.08,	          0.997,
         0.0801,	          0.996,
         0.0802,	          0.996,
         0.0803,	          0.996,
         0.0804,	          0.996,
         0.0805,	          0.996,
         0.0806,	          0.996,
         0.0807,	          0.996,
         0.0808,	          0.996,
         0.0809,	          0.996,
          0.081,	          0.996,
         0.0811,	          0.996,
         0.0812,	          0.996,
         0.0813,	          0.996,
         0.0814,	          0.996,
         0.0815,	          0.996,
         0.0816,	          0.996,
         0.0817,	          0.996,
         0.0818,	          0.996,
         0.0819,	          0.996,
          0.082,	          0.996,
         0.0821,	          0.996,
         0.0822,	          0.996,
         0.0823,	          0.996,
         0.0824,	          0.996,
         0.0825,	          0.996,
         0.0826,	          0.996,
         0.0827,	          0.996,
         0.0828,	          0.996,
         0.0829,	          0.996,
          0.083,	          0.996,
         0.0831,	          0.996,
         0.0832,	          0.996,
         0.0833,	          0.996,
         0.0834,	          0.996,
         0.0835,	          0.996,
         0.0836,	          0.996,
         0.0837,	          0.996,
         0.0838,	          0.996,
         0.0839,	          0.996,
          0.084,	          0.996,
         0.0841,	          0.996,
         0.0842,	          0.996,
         0.0843,	          0.996,
         0.0844,	          0.996,
         0.0845,	          0.996,
         0.0846,	          0.995,
         0.0847,	          0.995,
         0.0848,	          0.995,
         0.0849,	          0.995,
          0.085,	          0.995,
         0.0851,	          0.995,
         0.0852,	          0.995,
         0.0853,	          0.995,
         0.0854,	          0.995,
         0.0855,	          0.995,
         0.0856,	          0.995,
         0.0857,	          0.995,
         0.0858,	          0.995,
         0.0859,	          0.995,
          0.086,	          0.995,
         0.0861,	          0.995,
         0.0862,	          0.995,
         0.0863,	          0.995,
         0.0864,	          0.995,
         0.0865,	          0.995,
         0.0866,	          0.995,
         0.0867,	          0.995,
         0.0868,	          0.995,
         0.0869,	          0.995,
          0.087,	          0.995,
         0.0871,	          0.995,
         0.0872,	          0.995,
         0.0873,	          0.995,
         0.0874,	          0.995,
         0.0875,	          0.995,
         0.0876,	          0.995,
         0.0877,	          0.995,
         0.0878,	          0.995,
         0.0879,	          0.995,
          0.088,	          0.995,
         0.0881,	          0.995,
         0.0882,	          0.995,
         0.0883,	          0.995,
         0.0884,	          0.995,
         0.0885,	          0.995,
         0.0886,	          0.995,
         0.0887,	          0.995,
         0.0888,	          0.995,
         0.0889,	          0.995,
          0.089,	          0.995,
         0.0891,	          0.995,
         0.0892,	          0.995,
         0.0893,	          0.994,
         0.0894,	          0.994,
         0.0895,	          0.994,
         0.0896,	          0.994,
         0.0897,	          0.994,
         0.0898,	          0.994,
         0.0899,	          0.994,
           0.09,	          0.994,
         0.0901,	          0.994,
         0.0902,	          0.994,
         0.0903,	          0.994,
         0.0904,	          0.994,
         0.0905,	          0.994,
         0.0906,	          0.994,
         0.0907,	          0.994,
         0.0908,	          0.994,
         0.0909,	          0.994,
          0.091,	          0.994,
         0.0911,	          0.994,
         0.0912,	          0.994,
         0.0913,	          0.994,
         0.0914,	          0.994,
         0.0915,	          0.994,
         0.0916,	          0.994,
         0.0917,	          0.994,
         0.0918,	          0.994,
         0.0919,	          0.994,
          0.092,	          0.994,
         0.0921,	          0.994,
         0.0922,	          0.994,
         0.0923,	          0.994,
         0.0924,	          0.994,
         0.0925,	          0.994,
         0.0926,	          0.994,
         0.0927,	          0.994,
         0.0928,	          0.994,
         0.0929,	          0.994,
          0.093,	          0.994,
         0.0931,	          0.994,
         0.0932,	          0.994,
         0.0933,	          0.994,
         0.0934,	          0.994,
         0.0935,	          0.994,
         0.0936,	          0.994,
         0.0937,	          0.994,
         0.0938,	          0.994,
         0.0939,	          0.994,
          0.094,	          0.993,
         0.0941,	          0.993,
         0.0942,	          0.993,
         0.0943,	          0.993,
         0.0944,	          0.993,
         0.0945,	          0.993,
         0.0946,	          0.993,
         0.0947,	          0.993,
         0.0948,	          0.993,
         0.0949,	          0.993,
          0.095,	          0.993,
         0.0951,	          0.993,
         0.0952,	          0.993,
         0.0953,	          0.993,
         0.0954,	          0.993,
         0.0955,	          0.993,
         0.0956,	          0.993,
         0.0957,	          0.993,
         0.0958,	          0.993,
         0.0959,	          0.993,
          0.096,	          0.993,
         0.0961,	          0.993,
         0.0962,	          0.993,
         0.0963,	          0.993,
         0.0964,	          0.993,
         0.0965,	          0.993,
         0.0966,	          0.993,
         0.0967,	          0.993,
         0.0968,	          0.993,
         0.0969,	          0.993,
          0.097,	          0.993,
         0.0971,	          0.993,
         0.0972,	          0.993,
         0.0973,	          0.993,
         0.0974,	          0.993,
         0.0975,	          0.993,
         0.0976,	          0.993,
         0.0977,	          0.993,
         0.0978,	          0.993,
         0.0979,	          0.993,
          0.098,	         